Accuracy: 27.5241%

               precision    recall  f1-score   support

       BENIGN     0.7606    0.8556    0.8053     11512
    DrDoS_DNS     0.0145    0.0627    0.0236    506693
   DrDoS_LDAP     0.0000    0.0000    0.0000    217760
  DrDoS_MSSQL     0.0036    0.0009    0.0014    452182
    DrDoS_NTP     0.8179    0.6392    0.7176    119849
DrDoS_NetBIOS     0.0000    0.0000    0.0000    408816
   DrDoS_SNMP     0.0000    0.0000    0.0000    515631
   DrDoS_SSDP     0.0000    0.0000    0.0000    262388
    DrDoS_UDP     0.1631    0.0002    0.0003    313590
         LDAP     0.1636    0.8788    0.2758    191752
        MSSQL     0.3048    0.2228    0.2574    579100
      NetBIOS     0.0000    0.0000    0.0000    365216
      Portmap     0.0000    0.0000    0.0000     18949
          Syn     0.9368    0.7758    0.8487    647889
         TFTP     0.9994    0.5036    0.6698   2010570
          UDP     0.0107    0.0195    0.0138    386470
      UDP-lag     0.0000    0.0000    0.0000     36574
       UDPLag     0.0001    0.5926    0.0002       189
      WebDDoS     0.0206    0.0784    0.0327        51

     accuracy                         0.2752   7045181
    macro avg     0.2208    0.2437    0.1919   7045181
 weighted avg     0.4251    0.2752    0.3139   7045181
